40
0 1 2 12 10
60 2 3 14 16
120 2 4 18 22
180 2 5 9 24
200 1 2 21 10
240 2 6 11 33
240 1 8 25 28
260 2 7 29 8
300 2 9 12 38
300 2 10 30 31
320 2 11 35 10
360 2 12 10 47
360 2 13 32 40
380 2 14 37 15
400 1 2 39 33
420 2 16 37 45
422 2 15 7 53
440 2 17 44 12
440 1 8 25 45
460 2 18 47 36
480 2 19 38 52
480 1 24 51 14
482 2 20 14 57
500 2 22 24 54
500 2 21 52 9
520 2 23 51 44
540 2 25 45 55
540 2 26 54 22
542 2 27 23 58
560 2 29 59 7
560 2 28 33 56
580 2 30 53 53
600 2 32 52 31
600 2 31 54 56
600 1 2 42 25
602 2 33 32 58
620 2 35 42 56
620 2 34 54 13
640 1 8 58 56
640 2 36 57 54
