36
0 1 2 12 10
60 2 3 15 16
120 2 4 20 23
180 2 5 26 25
200 1 2 13 26
240 2 6 30 31
240 1 8 23 12
260 2 7 12 33
300 2 10 30 7
300 2 9 37 37
320 2 11 14 39
360 2 12 34 9
360 2 13 43 35
380 2 14 10 47
400 1 2 40 45
420 2 15 37 14
420 2 16 51 38
440 2 17 8 54
440 1 8 48 48
460 2 18 38 52
480 2 19 45 11
480 2 20 56 36
480 1 24 44 19
500 2 21 16 50
500 2 22 53 55
520 2 23 31 57
540 2 25 52 5
540 2 27 52 15
540 2 26 54 27
560 2 29 54 55
560 2 28 24 46
580 2 30 29 52
600 2 31 54 5
600 2 32 57 8
600 1 2 56 7
600 2 33 54 18
