36
0 1 2 12 11
60 2 3 21 9
120 2 4 21 18
180 2 5 28 24
200 1 2 30 7
240 2 6 30 32
240 1 8 14 24
260 2 7 35 10
300 2 10 7 30
300 2 9 34 40
320 2 11 44 12
360 2 12 13 36
360 2 13 42 37
380 2 14 40 19
400 1 2 43 46
420 2 16 50 38
420 2 15 20 39
440 2 17 48 16
440 1 8 52 47
460 2 18 40 52
480 2 19 55 35
480 2 20 15 46
480 1 24 22 48
500 2 21 55 10
505 2 22 55 54
520 2 23 34 56
540 2 25 54 26
540 2 26 9 53
540 2 27 15 54
560 2 28 56 10
565 2 29 54 54
580 2 30 30 56
600 2 32 6 53
600 2 33 6 52
600 1 2 5 53
600 2 31 54 27

