36
0 1 2 9 13
60 2 3 12 20
120 2 4 16 28
180 2 5 24 30
200 1 2 17 10
240 2 6 32 27
240 1 8 10 33
260 2 7 24 11
300 2 9 37 34
300 2 10 9 41
320 2 11 31 6
360 2 12 35 41
360 2 13 16 46
380 2 14 36 9
400 1 2 44 42
420 2 16 10 53
420 2 15 39 48
440 2 17 42 13
440 1 8 42 53
460 2 18 51 38
480 2 19 9 55
480 2 20 34 55
480 1 24 46 21
500 2 22 51 53
500 2 21 49 8
520 2 23 56 34
540 2 26 28 55
540 2 25 11 49
540 2 27 54 18
560 2 29 56 10
560 2 28 56 57
580 2 30 50 40
600 2 31 27 48
600 2 32 19 46
600 2 33 54 21
600 1 2 57 56
