36
0 1 2 12 10
60 2 3 14 16
120 2 4 11 21
180 2 5 19 25
200 1 2 21 10
240 2 6 26 27
240 1 8 8 29
260 2 7 29 6
300 2 10 15 34
300 2 9 29 32
320 2 11 36 9
360 2 12 10 41
360 2 13 36 37
380 2 14 37 15
400 1 2 36 44
420 2 15 11 47
420 2 16 43 37
440 2 17 45 11
440 1 8 43 22
460 2 18 37 53
480 2 20 51 39
480 2 19 8 54
480 1 24 20 46
500 2 21 52 5
500 2 22 51 19
520 2 23 46 53
540 2 26 17 54
540 2 27 24 54
540 2 25 52 48
560 2 29 53 27
560 2 28 57 9
580 2 30 53 55
600 2 33 55 55
600 2 32 30 57
600 2 31 25 58
600 1 2 57 55
