38
0 1 2 12 10
60 2 3 14 15
120 2 4 22 17
180 2 5 26 20
200 1 2 20 27
240 2 6 33 26
240 1 8 21 8
260 2 7 12 24
300 2 10 30 6
300 2 9 31 35
320 2 11 10 33
360 2 12 37 8
360 2 13 37 34
380 2 14 14 37
400 1 2 38 43
420 2 15 42 11
420 2 16 46 36
440 2 17 11 43
440 1 8 48 45
460 2 18 38 52
480 2 19 50 7
480 2 20 55 35
480 1 24 20 45
500 2 21 9 52
500 2 22 50 50
520 2 23 39 59
540 2 25 57 9
540 2 26 54 31
540 2 27 22 54
560 2 29 55 55
560 2 28 6 60
580 2 30 48 61
600 2 31 51 16
600 2 32 47 25
600 2 33 26 56
600 1 2 45 19
620 2 34 59 50
620 2 35 4 51
