38
0 1 2 12 10
60 2 3 14 16
120 2 4 21 17
180 2 5 22 26
200 1 2 26 10
240 2 6 26 30
240 1 8 9 23
260 2 7 33 7
300 2 9 32 37
300 2 10 11 32
320 2 11 36 14
360 2 12 40 37
362 2 13 14 39
380 2 14 44 11
400 1 2 36 44
420 2 15 49 38
422 2 16 11 45
440 2 17 51 6
440 1 8 35 28
460 2 18 37 53
480 2 19 51 47
480 1 24 50 37
491 2 20 7 53
500 2 21 56 10
500 2 22 43 24
520 2 23 34 55
540 2 25 53 53
540 2 26 52 28
551 2 27 12 60
560 2 29 49 21
560 2 28 54 19
580 2 30 27 50
600 2 31 56 59
600 2 32 51 33
600 1 2 21 56
611 2 33 18 54
620 2 34 51 29
620 2 35 57 27
