40
0 1 2 13 8
60 2 3 12 17
120 2 4 14 21
180 2 5 6 25
200 1 2 22 18
240 2 6 7 34
240 1 8 23 10
260 2 7 28 25
300 2 10 31 6
300 2 9 16 36
320 2 11 31 31
360 2 12 35 13
360 2 13 10 43
380 2 14 28 37
400 1 2 40 33
420 2 15 43 10
420 2 16 19 45
440 2 17 35 43
440 1 8 11 52
460 2 18 46 36
480 2 19 51 6
480 2 20 23 53
480 1 24 46 40
500 2 21 41 50
500 2 22 14 58
520 2 23 55 35
540 2 25 57 8
540 2 27 54 44
540 2 26 29 59
560 2 28 49 54
560 2 29 5 60
580 2 30 51 29
600 2 31 51 15
600 2 32 58 52
600 2 33 38 60
600 1 2 37 22
620 2 34 57 53
620 2 35 4 51
640 2 36 52 20
640 1 8 58 57
